39785
12481
10162
25215
29726
44877
8389
29217
16472
47177
20332
1428
1871
33561
48322
44305
22297
31549
29117
10261
1528
31062
40874
20262
29970
39598
19613
9314
17713
29084
49522
21090
47417
29232
10791
48338
26021
30983
2814
41463
14445
44366
15672
27450
3761
5558
12686
45918
24871
16048
43980
22992
33226
11267
13152
35534
14091
8341
46907
14058
29764
43514
4893
36045
38721
20458
17842
5693
38636
20617
33626
8325
714
26078
15377
1837
31643
48353
22953
37000
40066
24726
39858
41477
22970
45253
17208
10766
22475
23630
41772
1559
42921
8309
41283
25768
38460
28049
29812
37787
15857
4805
8290
34143
41497
1579
10206
35348
670
43767
31336
28466
24924
36458
7590
10769
21200
30637
43410
14253
11669
7231
39395
1354
23231
12933
49539
40529
28863
9411
27535
38608
12107
13324
43800
19366
5456
13327
40185
45021
38802
7096
20481
11530
45387
34315
10532
33804
21655
14773
41151
19823
35433
31155
33740
15287
18789
23113
26599
5396
19181
23526
23628
8398
46223
22913
3184
19301
39769
14118
5130
14407
27197
25887
28654
7235
20423
30527
25889
31823
39338
41516
39721
17836
3488
4888
16155
3771
22512
47593
40624
33149
31054
9068
11787
42669
694
4070
25077
4404
35739
4480
10144
11105
26069
31441
35505
26115
32788
3707
36799
43406
25572
22173
32464
35948
18517
4575
27194
35567
26977
15344
25881
8316
37842
20746
41642
19410
19194
44048
8001
29986
6201
45644
5892
492
16657
9872
11565
19998
18253
6393
26562
24194
12135
20136
33013
8783
49033
33203
48113
37612
37012
5897
31346
47011
42724
34184
6110
22257
48781
22184
30956
1550
7099
4726
7043
46123
11578
23351
9573
17815
40924
3582
2737
46591
16560
11413
40712
49617
8528
46317
2367
13948
45065
41781
28170
34446
5841
6234
8345
215
4137
41555
39180
14985
15850
49655
41658
12620
23730
40686
21878
42422
9756
161
26891
46021
19348
23132
36931
33526
33858
37039
5918
25460
13530
24939
27100
15456
23719
4510
11256
7916
22134
31773
40909
11522
29966
24467
47623
16577
45672
25118
7507
3838
31971
11796
14006
1173
7533
7233
11384
30848
9794
47131
47710
47227
48327
9740
35044
34319
40805
12908
29539
16628
49792
23891
20710
29186
14555
36019
23001
26838
11089
7543
6480
20183
3877
36032
43952
46521
44161
47798
13830
1437
34011
9992
6006
1072
18737
26082
26896
41505
10823
49293
9722
30818
4359
37825
14127
31685
17414
2356
40495
6473
48081
32505
49890
22395
4668
16259
4915
20387
6482
14437
36850
14930
45518
27743
26446
39613
37109
17925
45692
32070
22077
17890
14386
2671
31970
28333
20014
30441
1106
41479
47083
15462
4555
25202
43815
3625
21766
13023
43263
36004
45674
15320
26935
38751
3459
21890
31826
11890
2160
10426
44907
39845
883
27589
28684
2708
13222
37852
13828
14068
37753
13252
26607
13094
16380
8786
27098
42671
3838
15622
34741
18223
10511
46261
28707
6606
48351
45986
43400
22456
48730
34494
31111
21292
46644
31127
8035
13108
43663
9733
458
32736
9372
48283
45182
30581
6895
6659
48367
11527
32891
3181
37273
36265
32300
5018
9553
2227
5991
29155
41414
56
28500
49526
10996
11622
17993
9885
31939
36931
16590
32465
9568
29136
6832
4500
12454
26898
44849
25280
30014
15060
34781
10
34322
44306
45467
25842
41326
326
44414
12970
42895
32945
39936
24174
12077
42482
15
14352
28940
36760
7425
25618
45275
5248
49359
4516
45125
23197
8362
7324
41524
43443
6170
39288
19336
13900
36931
3616
32952
21048
31295
36969
41139
34985
18446
15417
38427
11413
34141
40378
17291
32248
3034
49443
11681
36781
16444
35923
2127
3983
28244
38392
25212
32432
32377
26240
7949
43252
38303
4364
471
35656
37908
30752
24393
30901
2024
23878
38085
8082
5359
20296
39818
37306
13205
17489
46540
27392
4051
22848
27467
909
27781
49028
41029
29355
22684
43817
30281
17190
10769
43197
6405
3176
6007
25999
12917
13592
33382
16319
46791
12178
46092
8271
34446
45259
45636
46055
49870
5790
9354
99
43026
14973
13911
33290
4644
12032
34744
15706
10247
26607
49224
20239
38465
38732
1646
31189
36615
6419
7676
24339
32789
24697
19495
9794
8096
34088
22050
31947
6954
48158
49
38629
12728
23961
13836
13002
31403
37417
39730
37562
38266
33825
12750
36269
14766
37323
17418
21468
45486
31777
24388
37149
40432
5656
14388
21767
7946
24666
43463
4290
46398
46391
27637
7583
3267
14247
8587
15181
2088
13623
10178
29830
12264
44610
23878
34339
14805
14688
22821
17370
10494
44751
49203
23880
27359
34719
28344
4141
8809
11440
13278
14696
11300
14763
22220
8443
48569
36260
38821
40282
23547
33904
24084
7450
22095
13953
2409
19642
45557
48473
12294
26089
18385
30027
20384
25759
28003
20551
16557
1844
22515
6673
32694
15092
17709
25837
46675
26027
3706
31538
27710
47672
27056
24342
42855
40201
9661
25633
1152
2939
48348
8253
6753
26306
26782
27638
48411
2286
23505
21643
47300
4843
7133
16067
19986
23936
7944
30495
20189
7810
43533
46765
23762
22187
32431
8651
49970
41168
49923
3849
15072
14898
14515
14291
43360
32674
18513
15603
4695
48177
31023
16177
33167
25847
19104
39888
41597
43192
5751
31613
49373
7570
40989
10380
38240
30152
36328
15077
29894
39879
6486
4322
16264
29828
22234
24949
17443
46702
44246
33230
37815
38745
29925
48254
895
25288
47635
22430
8589
6250
20561
823
48589
41000
15245
24278
10343
32329
45582
46203
46108
20512
31273
34854
1395
14542
34445
28673
48225
21959
8389
12081
28806
39291
21176
12294
12133
1573
9969
39299
41013
3919
2209
16496
9919
20741
45543
20132
8395
26637
30096
22746
4117
21973
32515
31742
3344
12671
980
36367
18430
13031
26151
12156
48929
27391
5327
41826
13941
25496
13778
49820
31517
13682
34517
7814
4985
1398
38136
18517
35075
34275
43151
43612
8484
12833
6775
11476
43807
18102
46994
14631
31623
22079
33775
631
39862
22181
39051
48785
29770
7410
28442
15122
31266
28529
5642
34271
39889
43002
28337
21071
24241
4677
32440
32172
6444
8693
17805
18856
24205
49821
34469
22263
49125
37668
20276
13657
15609
748
20071
23109
47789
21094
34895
17691
12446
13231
28209
40008
14347
14130
17886
36911
43457
6718
27299
16234
37541
23360
26512
41626
24138
21130
6397
6986
45396
25905
25060
25652
31616
8823
15076
27293
6182
23464
29501
48143
49104
30182
45828
8598
10537
3674
3394
23159
39593
10342
19183
27317
47420
25251
3215
34454
2476
40882
17735
12330
10101
41144
39220
43817
22885
40282
49565
29274
15438
3817
32772
4874
36607
27460
26667
40879
24864
19121
9277
29812
20266
23696
3920
10901
9761
49636
28193
48976
586
41691
41476
6581
36715
12704
21894
28494
26598
35236
27087
13752
47148
26693
45671
11246
30743
9557
21258
32012
33230
20466
29469
18316
15886
4858
38753
48213
8451
35985
45381
40964
41531
10332
24733
32035
10397
22043
40769
17641
29415
3908
45908
18485
49423
20059
46607
12175
44060
8842
6871
29269
42338
12215
26476
32888
36571
1362
8777
5603
22106
25812
39560
47071
6426
42061
24874
18947
19162
21848
15223
40287
25934
43628
3619
2869
30670
26242
30592
46921
28978
36708
14858
22703
45872
49335
14747
33591
34500
1236
5997
14393
47421
28305
8823
11290
18354
49838
39284
26534
33273
47531
38698
16075
11129
2244
44308
27894
40651
25507
34896
8779
34358
12770
25128
11238
20887
1605
41671
41268
18270
25886
47538
48257
16693
27480
3490
17104
47303
30579
2171
23041
5600
1678
26197
5272
15639
46362
38672
21735
49448
15277
5294
41659
11002
1148
9770
13344
20125
13782
34318
30681
40441
22584
14628
19002
26224
39230
8481
25156
10413
22279
48225
4941
1660
39339
30045
46883
29686
4695
30810
30821
25715
9701
30645
36632
38169
25676
8242
39996
19012
2712
26698
45028
8553
29892
39586
48933
44141
23814
44524
891
48722
7829
19405
3487
12105
12243
6202
8128
1381
14348
11759
15796
36250
33130
40915
26679
42149
41500
43482
15274
5588
17327
33307
47429
27999
17316
9241
6920
10323
28196
607
35073
15628
4108
45795
12511
13804
46300
9625
49707
5421
10027
39566
20423
30804
16094
15850
42112
33047
11992
35735
39073
46633
44307
1417
11221
11135
40624
48201
30691
26271
14837
17470
8764
8636
26718
28073
530
25583
23380
29994
27556
31166
15903
11325
47928
10779
36242
9368
13742
38339
5582
7103
13803
49675
15999
394
14147
18866
2868
42162
16611
41088
37448
5689
33957
3414
10787
20497
11090
49056
46702
407
34781
48157
1448
9250
35074
43294
7402
27050
42880
17991
47126
5997
42591
35398
24760
41983
3859
35114
45731
21822
3936
41721
34416
9009
12934
5844
34082
15889
5452
43055
13962
12973
42503
39104
26896
15024
27909
11404
36851
34551
33749
24954
38796
10102
9637
43243
49031
49055
24867
43494
11862
31045
26407
47508
46253
37319
4386
10810
12141
46759
20664
25486
4158
44974
27167
4435
44090
27753
22745
12712
2546
18202
38744
22521
18538
16333
43376
40210
5612
13156
5573
1017
37121
1634
49096
10778
41576
13400
27615
34805
9438
48969
29097
29404
47777
25066
33085
19494
41167
42333
15621
33833
28415
2655
48523
9720
30391
9237
15202
20024
39781
17667
47385
14001
8100
388
35001
37647
43654
41658
17003
31204
19122
18604
21640
23172
14754
41104
39883
42616
35857
6640
45251
8206
26547
43053
1920
8121
40880
20525
40348
23516
30801
7996
35930
47341
42123
18913
29479
20057
28552
48935
9018
10258
10933
15638
14972
47095
23071
2298
25337
38669
5613
42808
22046
48801
26539
26872
36970
45965
29894
37162
41256
8796
19095
28689
4836
35587
3119
49301
27886
46143
26461
29576
12229
49070
40471
40492
17149
17599
38928
4628
18618
37380
32733
9031
48484
17803
9099
2925
46664
402
2427
24101
31567
31569
46826
42641
26261
6669
46475
3441
30712
17180
33027
10705
13548
43239
13296
28515
49954
38520
19798
5582
36861
26924
26972
30431
31538
26082
6698
41374
46102
16914
36294
34048
15353
28901
29981
33483
7688
12558
2403
24743
12657
15823
27195
17179
5719
37830
7207
10024
8550
48344
5618
10417
7746
16915
28997
31751
46105
22331
30161
35651
36400
29236
20667
46698
33018
12472
38941
3722
46316
1983
186
3749
36533
27687
22556
45099
37404
33728
24045
29941
2145
49509
9342
23575
49385
8102
17195
10871
25387
35614
10208
28300
34455
9143
48290
5187
16134
40973
31098
11635
18215
46311
20513
17580
1229
23945
24253
48214
12993
24271
49765
4996
47792
43882
25937
6001
8052
24478
15101
15904
14883
42110
29478
20684
34000
34406
2082
9436
4314
26575
32317
14291
39434
28311
45335
24624
22509
13553
1554
27337
24025
45275
5306
19542
28665
12230
2379
27541
21809
46617
14597
40699
16389
5273
24982
1261
48521
32524
2739
11976
42610
28378
3878
6826
15984
26751
29063
40823
1353
12801
5865
35538
15032
6345
48596
10163
19933
39942
12172
23759
5963
22385
19707
38480
48571
6031
10862
45377
6901
48741
11209
2219
11645
5071
22103
12216
35645
36839
13445
13559
10146
46417
34630
7097
860
49133
15044
19402
17129
26593
12111
29045
43637
27919
6942
1617
18185
46932
13152
42463
17252
23851
42923
35906
43359
42517
10687
16588
27664
15231
11104
6096
35980
24687
36309
33413
30595
2495
10630
13448
24518
45622
1207
10460
5092
5088
43785
25702
3613
22980
30197
45050
158
4710
38926
27542
9626
35186
17623
22722
9999
33188
48736
23398
31181
48691
8434
39678
32619
25144
30414
23956
45502
45074
27372
34971
7533
8475
9047
228
416
28808
45757
7804
27665
12847
8768
30716
25310
41959
17474
8736
19065
7153
32351
46927
21189
44094
17324
8133
9262
14975
15404
38387
22033
46494
49874
36485
19386
23920
48513
16811
1163
3390
11348
38225
29521
25545
11003
7995
17440
11236
9058
20873
42113
40519
6969
19678
22571
29924
44294
48566
35393
5523
632
24330
3534
16400
31600
18687
41945
49992
16292
45979
5730
25515
24934
31394
12804
22725
46705
9960
42856
35246
23460
25015
10169
29812
13320
34882
3803
46009
43897
49987
11955
49036
11574
31642
42387
15903
44504
33028
40340
30047
14593
14609
38815
8212
15154
26843
14025
21820
16563
26477
23884
42415
38156
40814
35346
29592
40588
20660
31064
25521
10921
20737
31057
42062
13010
4289
20768
23929
22866
44784
30535
39463
10391
20434
25024
15325
2771
17885
32823
5913
23721
16273
19061
33633
20862
2828
1740
45767
32524
31564
49542
18035
7603
48770
49804
21437
3829
45435
4026
21699
22020
42745
3594
13786
18639
26952
5185
39964
38769
26958
48500
33396
26412
3064
39646
41857
15609
13112
26476
5467
47515
19226
43424
7961
46781
22920
37176
8020
4025
36583
24336
44015
22447
36723
21772
24010
31935
37861
4508
188
3172
36619
7060
17514
28387
8316
41510
47329
16049
6499
37830
569
5889
14369
45215
11754
39101
23940
33481
37673
27093
24529
28540
27191
43094
8389
13938
21971
32185
42778
26088
15864
10599
2736
4504
47800
47104
43664
49590
16270
27561
2287
14639
14911
6048
28442
19383
19422
40263
23192
17696
155
6588
4405
31630
23583
1599
21345
22730
3981
26719
48381
32239
26804
32736
43359
31481
25165
10718
46875
41179
17781
18181
46193
9608
25088
5669
25070
12963
15141
30679
48682
13780
35301
15072
44401
39670
13871
25739
20303
42481
37445
6800
46714
18234
11638
44105
29854
2196
36053
49483
21817
17803
10531
29361
4650
45169
13533
5642
15037
33822
6984
13226
6376
29301
30380
37730
25406
43817
20253
48712
42232
669
6215
22596
31272
26417
40523
45130
25772
5981
30593
37515
3063
8553
48507
35673
13422
29595
37002
36089
27746
45156
11606
29932
44688
8715
12297
35478
13196
22668
21378
3163
5202
5952
27934
42567
46877
6896
2064
29879
34581
49308
28300
31578
100
17921
5064
46111
16411
24138
46063
30684
39839
45026
27778
29669
28484
38138
7341
3680
2641
34899
43869
22792
46347
12267
7797
13070
28614
47407
44375
24051
36672
49649
14176
14980
24823
10189
43564
36972
10674
23644
41371
41713
44531
39739
39305
9483
45179
8943
41900
46354
38826
42509
11056
9118
20949
38544
24966
10506
20073
18773
9433
23737
1669
4780
15385
23871
32892
34855
1035
22510
45158
37135
12549
3828
4680
49660
30627
28076
15026
4392
21760
6893
20660
36975
45497
35213
35697
36668
4194
15971
35120
16880
40111
28277
25882
29894
38225
41722
39583
21397
14626
10469
2667
46538
42778
13990
2696
38985
8938
1546
10824
9192
15143
25837
45542
5240
10726
568
44088
581
28257
32193
3102
814
13629
6748
48643
32030
41410
5024
41808
2561
33878
44235
20896
1488
45156
14100
34571
18396
2443
24025
14390
24352
40337
37631
19111
9446
37288
19789
2753
22266
47685
47496
44192
22731
14292
27822
16616
13990
29653
615
38823
24224
39450
48262
1366
26358
21627
21326
28288
33281
6021
25301
19377
20014
2289
27763
48303
35995
6283
30213
3499
47884
36911
41358
26397
36349
34108
22007
39228
24923
33632
41465
44358
24988
4247
24609
3680
7631
12609
13746
13044
1787
28803
24654
16359
23254
28482
13076
32847
31974
39496
16050
4332
35149
34102
21922
29530
20889
45781
18898
7397
22995
10811
40220
14544
2981
27278
2083
21312
49740
47596
48084
44373
14358
9614
19531
30329
42681
48303
44578
25753
14506
25058
13217
34617
38553
36140
5228
42659
38609
27824
48598
6553
36002
47477
46619
29510
36236
4668
9125
34092
4996
29581
5753
42896
44691
25546
41172
24112
34339
7891
14681
34251
26364
29839
43062
32675
16829
19562
28364
33047
9665
43512
43812
208
27477
957
17934
39294
4915
35244
27731
48398
38023
20278
38978
33584
16276
46588
43966
14050
44824
21705
30536
46187
26734
26187
20563
6481
32253
39604
42356
15992
5829
20737
33863
16460
36820
15191
16474
19207
17402
42292
20100
43379
48168
22005
8871
14024
48304
45420
26938
19841
17100
18616
13719
21388
7841
15600
12585
36007
48767
25800
44688
12833
45985
49572
32232
36978
47738
2570
48586
18234
22890
49868
40534
16046
42056
29889
45590
23846
5003
26411
38079
46691
18145
38573
38927
27678
41796
28254
16520
44040
19193
39622
2977
9668
6644
5246
35114
25142
2721
15139
10501
20588
16636
7928
2012
43609
4144
35914
12860
46355
40953
6272
43500
23185
43695
48245
37374
2357
47162
34680
48245
46733
31125
8965
31060
16083
6943
32470
43680
44846
13596
14386
33915
6978
33680
22603
23746
19488
34813
42320
11469
34744
18275
37566
40019
13160
38924
48333
23197
4718
22742
4376
25494
21786
1232
20955
40385
1749
565
3475
5029
23602
42221
37580
22573
6911
37421
43750
2395
2372
44349
16103
22147
37155
45292
20666
25946
3054
38146
37416
47323
10540
41644
7926
48452
43244
38053
20347
21185
48916
2906
48360
49752
46817
29908
15085
31893
34626
27546
12352
11080
8441
35384
35681
13706
46295
24643
32711
47548
7755
45144
6416
39858
21234
150
38969
46136
23404
25113
36133
9981
20414
21259
16155
47882
16282
17551
42766
14040
5214
4254
21903
1925
4360
23915
9350
31871
44561
28121
37694
16115
26605
19266
12272
28853
10080
12759
7195
47675
10404
41586
23612
6099
11202
18443
10853
16438
3724
12258
28229
9641
32945
2421
27868
29718
363
18779
4108
32212
490
32061
5190
28241
43683
40903
14189
16841
3842
31698
16117
37447
31792
42307
25375
28858
17495
37063
42873
4281
23077
5033
13279
44647
33662
27506
45230
32787
48857
10028
10476
18714
28936
29782
11394
45426
24819
16574
13463
30301
37995
42832
24200
49896
19002
10844
9210
27645
41775
36542
17345
6268
24457
49613
26952
16540
30701
19785
7374
33344
40341
25665
17851
43349
34318
30715
16736
27800
9217
40229
35861
35655
20788
38989
34946
34656
2047
49431
24476
20847
48028
22548
36966
4054
28973
23176
48192
49150
24348
40753
45815
24979
37285
13496
7429
4537
21254
36956
37565
16145
6809
17955
33660
6400
14862
3088
39366
9072
49590
17772
26690
25829
18584
23143
49661
37265
2473
17742
23753
1939
13851
18462
42914
33677
25664
39680
44718
14570
15028
22913
19199
24946
5736
10985
15318
12959
9789
41152
1277
20902
28135
17888
42346
41046
4069
39109
24566
31615
41836
21284
25680
38239
36560
2391
36835
13164
17915
28249
49884
24129
46604
1840
40048
10605
39936
37447
1011
34113
33673
21356
17878
33634
16724
36831
19356
46625
39234
46526
7267
11288
27034
19042
28272
30761
36237
27166
2898
45624
9022
6493
29646
18779
43039
14453
42185
47857
25177
7790
26072
29845
31257
14637
23316
3065
32931
24680
12052
35058
26141
4518
45178
25869
44480
35292
10174
42376
34067
1228
29637
12014
5219
40632
31153
23060
29958
45629
26191
20448
17538
47006
46053
22780
43982
31200
10854
40898
46059
2647
25857
14004
7387
29830
8140
44358
37308
20747
5288
11802
10282
44532
26078
36674
13478
32
17229
37105
16771
37199
17576
10259
13953
6600
1446
48967
7114
30938
41245
26517
44859
48042
45193
3225
46130
31030
47091
2218
11089
3901
40897
39379
6451
26339
32500
43484
35071
42397
26120
21107
24142
7898
47168
22188
39832
22
49075
32956
36773
27778
17403
12063
1061
11723
2043
37593
16292
29985
5253
4057
33870
18661
40499
46969
39234
41117
7263
15419
39849
16066
4115
23836
39945
33066
10219
48562
46152
25300
12825
25613
34564
16553
27241
21220
17458
41430
11305
34136
40880
216
34853
33756
20102
24462
7005
26843
36118
23375
19955
3517
33429
38628
40037
47364
30808
18934
20255
4938
16154
38398
41714
3693
25568
45368
36596
12084
5603
21542
13974
2590
23545
2119
5873
13046
35505
9328
2891
7574
39041
47505
8495
26393
49709
21565
41518
22871
3405
39422
3833
36210
8897
30603
38055
11266
4381
34592
28049
46370
48140
45243
30064
2292
47038
9946
27361
37170
46368
30199
6024
10572
20339
36216
14363
17289
46848
4417
40096
24769
30705
15833
33945
49332
8129
37607
25403
469
4261
16156
17709
20016
8623
637
18802
25431
46842
38380
37263
43927
47454
13129
10026
36613
44558
16251
20608
47841
8139
39488
9112
25188
19692
3828
41767
9997
26155
7128
47756
22755
5586
39149
5898
14044
32073
48836
16448
21315
35521
25906
49706
32255
32934
19762
15257
37724
8694
10098
9582
37713
17767
22297
7308
36246
25237
12027
5142
20946
30994
8248
34997
26489
28513
12422
3522
27609
10818
2646
8010
9586
36849
20418
38098
30388
28155
36573
4175
42625
28741
9069
32270
20272
40010
6938
44076
33332
15638
23295
41742
4367
16910
30238
15204
17587
9425
30761
36224
7341
11722
36537
28683
5601
23826
4069
24531
7373
38640
33316
27675
45856
30255
36898
39166
20059
16257
19125
24370
5641
12102
19043
24385
33957
7355
19366
16539
9205
8052
2300
49354
37987
40192
875
30135
21534
10619
15644
24570
7100
18303
42449
630
30550
4378
29641
12638
49299
5399
7232
15503
10496
15103
27791
33607
16502
21668
7464
26807
843
48100
43732
9185
32200
23720
9553
35425
26448
9752
31132
19423
48243
612
35525
14941
28094
46506
15290
10638
4282
5720
21028
44829
6805
44880
2955
41730
25138
21071
6477
20833
38804
26881
45270
12931
36592
28889
10477
27825
23265
41018
47127
6840
31957
1958
20846
24269
8249
4069
2063
26267
40806
21817
7960
46231
14406
44575
49826
48593
11516
45866
19152
3884
17043
20955
10629
29151
26938
8173
8271
34624
35489
1445
27734
30334
25166
26833
30278
1931
1869
5927
45140
20773
31223
6061
30388
29116
19485
21570
39674
15448
30209
10311
47514
21563
45171
16981
5004
37675
3449
31864
10566
2966
24058
21313
1745
13804
42641
43511
8848
40106
40332
13223
7871
37248
24812
47935
18448
9484
7794
18741
14933
15179
24797
4700
34045
25059
20231
12752
47941
34613
44054
31616
33738
46332
14957
8215
31567
27347
35244
42662
6211
42053
49431
33142
41593
21428
11178
25747
10946
30501
3357
44170
905
25530
13150
9980
7473
22264
7590
43037
36990
4737
29112
4148
47081
14376
3106
21266
9534
36616
43179
36036
14995
13461
34306
11177
9059
32134
43420
4658
15688
14269
23418
43413
30427
29204
17269
37930
4881
29699
20185
49364
15034
40483
25365
8261
32331
31072
40352
35511
11444
5969
45628
41179
37502
1828
38218
39605
28938
44404
39977
45590
22600
30392
40366
9970
13467
4756
2753
1129
7953
27324
15175
18223
27586
38175
4426
11522
9275
33660
3408
43839
37313
12385
42565
15664
9028
43465
36638
33691
14230
39079
43920
25234
49840
31278
16448
32925
19518
31627
47431
42515
37050
21332
49597
11274
44524
15122
48612
26544
9213
22533
48273
5506
24121
35263
23202
28761
39317
21652
10635
43882
41135
38954
47261
40331
22759
31305
23821
49103
15784
26994
26436
5894
39526
26303
22703
25221
40140
45197
30630
15416
23945
49592
16549
47397
27204
6015
14252
48466
29870
36548
39383
8093
1026
18511
1471
44019
9401
17697
40709
3843
7478
43030
21381
12425
29580
21412
12487
18565
3205
7858
22431
6112
8406
46513
21323
5841
2916
34876
47051
42460
27088
35040
17634
5725
25477
33860
8148
11030
15783
33316
25064
18886
13396
22944
46640
16857
37456
40159
15446
42176
40972
37996
3459
9088
32671
2946
20434
20896
17813
3158
31844
46731
49713
3574
31517
10034
48410
45857
22857
6626
8228
32157
40516
14726
44884
20808
28804
46404
11158
14610
24552
605
36635
7199
24255
780
8996
26091
16383
5936
13980
14953
35578
44068
6656
43252
48217
24405
31877
48484
12210
1701
33556
29185
24873
15696
41975
5624
29195
19751
40472
36248
35535
15057
12749
35308
48077
27614
23933
28111
21316
45890
1803
20660
15126
10887
6179
30613
17939
13016
48648
4490
47492
44062
2905
26475
46546
8756
17374
22668
15631
44524
16142
48933
972
34382
15719
36524
4787
47311
37768
20615
2547
30412
40958
37392
4945
35148
35509
18864
23184
25654
20287
19630
42522
33921
25517
33215
22794
11943
16983
39813
4994
39733
24576
12112
45770
24667
4080
29578
21949
13744
28683
44128
39926
15766
17091
12954
29869
20310
49953
46955
7290
11339
46498
41854
47743
36691
15574
9824
23053
29099
42587
44470
21731
3679
43150
13288
23360
47580
42560
35930
49442
28554
47711
30967
16395
24068
29432
3236
42887
7144
3294
48748
49746
11868
49729
6462
14123
12448
22134
2955
9321
10731
25733
28153
36227
9730
15504
11804
8215
15795
5765
15388
17556
42868
13366
27943
20087
27435
32236
28143
33989
15709
11423
44139
37789
13365
12419
47915
36808
23739
13046
17235
12028
17033
45792
34314
42257
36512
31805
45551
15876
36922
38510
48567
17260
5296
22403
47153
48139
47142
5738
42763
10842
45263
13269
13692
38772
17759
17424
41820
28300
45990
14581
13150
45019
32321
28358
464
21385
20035
10362
25949
34701
11071
11437
23945
42329
15847
46016
21413
30569
42192
7807
18206
29052
1941
17397
31742
12373
6642
17304
10446
6971
20472
19992
23122
27938
49859
17603
12498
18469
684
3165
29322
21543
39570
21579
32209
28836
40799
17751
48674
46734
15685
42048
17344
42045
23432
19542
14645
16410
36875
46868
46069
46787
14980
31633
37092
4110
17035
9813
4049
15754
496
34870
12876
17592
2675
6857
23199
9326
18732
26889
14125
5273
1977
29969
48954
8944
10932
1443
39804
21354
39607
46794
28475
42290
48730
9314
26945
36948
21180
18037
30811
12568
25388
395
27719
30855
33572
4196
18283
30049
965
38302
18816
36253
8361
22374
3197
12057
14704
15442
48437
35692
44471
7753
31876
38826
38177
6904
43449
2386
4171
5422
42674
12016
9965
23898
31078
10145
1468
997
17924
22162
45263
34864
38829
37255
11354
39849
37243
35681
35086
11357
17847
36770
1255
12224
17171
20746
35128
33320
6886
6410
25574
15780
9586
42200
3391
25633
315
26061
5407
8950
38123
21040
9973
6106
39010
40144
43531
44679
29569
3741
12436
20484
42604
30552
27551
40987
5076
28109
27395
36413
10723
46709
11793
3762
29491
39800
32793
41698
44097
30737
9187
25675
17852
4247
42415
22273
39932
46183
17108
2181
41717
8653
35494
1736
25860
3052
20869
48039
24219
15335
1412
46880
22983
45847
41329
32282
42630
33154
11901
9176
46119
12440
4218
29109
33532
13760
28286
23711
12123
39248
12201
13883
48192
30111
10766
47997
14436
47485
43094
46778
12130
48031
41642
49956
14187
45805
33019
37557
7815
38352
49739
40938
7690
27375
34419
44812
7769
12425
48020
45021
6402
44801
46205
7066
32105
21201
47819
2270
49915
6758
24453
26959
14227
43306
9524
27697
21967
33250
41016
12708
31685
24803
25836
22189
17466
33074
35395
46093
16764
13687
39869
6885
28067
4046
8644
29409
42336
25867
19453
49467
47116
24851
40846
49090
11168
34427
45936
6476
28146
41022
14822
40362
9807
25005
32782
26146
27123
6869
2599
40505
16548
35918
26252
31303
3678
36078
7335
37433
21785
17379
39732
27966
16334
21320
8974
44798
587
44416
9953
596
24969
37340
21366
23473
43838
39491
39345
46811
5127
26802
32100
9049
31120
27942
39773
28756
31043
39504
31749
48556
30978
43175
11292
15194
2089
37664
32849
3299
26125
44136
38385
36774
23281
31699
4064
13625
28792
31411
16070
8634
12887
1876
45287
3954
26840
15445
41421
11072
12410
8166
48509
47564
39919
47264
42824
45814
10310
10825
15372
23429
48581
30452
20774
43025
22442
23310
18470
5855
26504
37587
39903
35672
23185
47629
27064
44768
22160
44180
39098
19035
1289
26708
22492
33535
9390
35801
4508
7875
191
35339
10790
41512
33817
23036
24607
28901
28531
13990
48215
48952
3678
12652
22402
30335
1202
31162
23758
25118
26757
48574
49800
28699
24954
27980
11962
27409
31153
25860
48514
28391
661
18326
27465
14835
5718
9800
7525
20267
9440
26797
26382
23882
27284
20190
21436
30999
32217
48354
40937
37281
47556
49034
14221
27814
16014
36232
5651
21810
16056
34479
28597
35074
24331
13631
8604
39335
47702
42716
40242
42327
36830
28626
14919
43405
29757
40956
12710
21172
25827
15450
33893
29343
5653
35589
42139
16859
2732
20978
37546
26081
21328
32934
3549
31029
44792
16312
21172
37282
29888
20592
24701
47247
29429
21623
2254
45946
1
35829
47243
39032
19073
30547
29752
1732
34327
30075
15484
35967
14785
45456
26403
35177
25352
24564
38149
12993
45509
21021
10382
43098
367
22835
13897
23272
48355
9047
31487
41714
33312
40076
34214
8299
44002
19989
33289
16922
2982
19755
38336
43369
9062
32366
6776
45898
40679
42
43044
24565
5024
3450
29277
35255
25338
11721
22920
41157
46325
16050
35146
24737
17306
29465
46526
43646
14622
45606
32042
19353
23578
46761
30175
33206
13627
34539
49597
36576
53
21047
32616
38386
22559
29993
48276
49778
14836
5055
34925
17898
27520
8485
14300
24016
34248
18138
22219
15630
46231
27434
5049
34480
39917
27351
44112
32469
4212
8927
32864
31573
29018
29112
40560
5202
1394
28112
33851
31610
1356
22016
38671
24121
44925
40546
25892
36620
36073
35330
45764
1812
42134
13180
2727
4810
4081
39837
30014
39304
12136
35949
3202
18348
16823
36623
23788
243
9344
15221
11515
11547
26770
49418
10863
32224
22996
31677
33568
97
26501
23323
30398
10117
46795
34415
17117
36370
32379
48417
20894
3309
7991
42484
40380
17439
29693
25699
7347
5731
24149
46978
32605
5119
782
17891
19293
1048
48748
37580
5008
46749
41594
38327
22796
37861
37421
38752
11346
4510
46725
5194
23690
47288
21409
42534
11853
8906
12611
40357
41203
9976
19108
1092
49124
23993
26643
10676
12124
5390
34139
27287
14711
47195
4793
22264
9638
12626
18260
7963
43845
11185
2569
20972
48753
9934
37725
18986
7166
7616
36076
10622
14362
17457
36188
1447
3441
15411
23764
8272
11704
23783
6829
22813
47351
45750
40062
3453
27115
35940
45622
7031
4534
13148
475
48197
46688
5668
42282
36628
32375
18603
38888
39835
1323
17765
1428
1003
4893
41301
15851
41995
46447
39031
40299
38837
26245
31870
32980
23551
27200
6901
36702
4128
24722
39778
39586
13507
33536
47169
34594
17231
34710
12843
48984
23923
7754
11936
31228
29777
1181
40775
41335
1646
11326
15940
35975
1294
6435
29619
28242
17038
44979
43493
47642
35468
42833
31008
24553
20935
39457
10730
49364
16728
12239
24494
8844
3573
47369
44457
34480
14821
7009
29894
28489
13075
36625
36444
45189
22445
31463
45988
10868
20489
30189
23662
3858
27343
18809
14286
41721
21060
13587
19830
47990
43852
3517
13729
29832
34233
3752
45304
10721
28247
17066
34767
3996
6941
30280
385
307
16007
28256
27789
40659
537
28711
26407
5206
42564
28721
17033
22984
36297
34954
6273
792
49405
44362
21792
2338
6105
16088
46484
23719
24279
126
26333
8432
21882
21391
3625
26003
9279
13616
32483
34008
19458
28827
8117
44448
12427
21514
21883
24183
39828
23512
985
5178
48112
46256
45439
8468
16198
37300
16750
27860
21514
20944
39585
15054
44807
11234
47868
43714
3549
44586
46896
21055
494
30788
12018
1690
47421
14646
37543
45550
28699
32566
36951
24526
31440
9322
39096
25574
12254
11075
19728
34160
11460
11111
10681
20084
32189
46495
4555
28368
11138
25150
14542
4069
30142
33318
26519
46394
39463
45391
17203
49636
42863
5087
13928
3675
20828
24455
34670
19529
37641
21735
2290
48683
2809
35387
31325
42967
13876
4989
5562
8703
44522
29132
4689
11233
18134
31648
8963
8912
35226
28592
20389
1296
11199
24347
25649
4607
2183
46333
31491
14113
22970
26629
13033
13623
49862
43832
1699
45232
8054
18317
44641
43471
43560
31101
48415
1706
4024
35127
26905
16894
48911
103
10945
5755
38589
47289
36354
33640
9076
18936
48464
46807
4120
44926
14881
32014
10160
31549
25849
28952
32694
13183
42473
35945
17788
3736
15330
25306
49609
2142
43145
33977
397
33405
6535
8987
23278
7758
45340
38348
46941
40368
36184
40843
44029
16586
18513
2775
3824
40546
36829
27500
11036
9601
8817
16877
2394
34224
47734
15335
19597
11866
946
34344
31807
31613
26068
3160
37208
22640
31505
41173
7329
10995
11689
6992
26808
34796
10453
35595
10227
8060
43942
23525
11120
24582
5166
39931
46253
29425
38273
33389
42000
27692
27152
13498
10168
37504
2781
22692
39603
20429
605
45829
27918
29354
10143
43063
15975
30010
34918
17187
30372
21971
21926
16496
25783
36295
4851
750
11125
38646
28688
45237
46316
40679
25757
2849
41249
11603
44893
17142
46440
18217
9960
39473
24242
42249
49171
37900
31809
4387
27768
40273
23045
33290
19455
7496
19820
38860
18910
13008
24822
37858
32168
35106
28022
16557
29260
45562
7001
34127
25529
46808
16176
44835
39178
16675
28042
37295
12241
20526
26062
42257
34556
23480
27471
34810
37744
37680
3564
3413
12101
38022
30648
48703
2972
35450
39166
19738
22739
8456
15869
38605
47569
16295
48664
4214
39387
27825
46028
399
49878
30621
24366
32872
44084
21050
10298
33806
23624
8674
9189
15412
2728
28438
15716
28630
18963
31604
23928
23026
8901
10297
20352
44581
23799
43949
27013
20322
13785
35253
35767
43470
27860
38577
486
39370
13289
45034
48265
17302
6393
12502
30032
31809
47744
41865
20866
7482
23132
12356
11268
3416
46921
46579
2473
34754
39098
38375
21362
42695
8755
12732
7774
31694
9039
33449
13522
21535
11661
25613
13864
9282
27334
28932
18041
30807
40010
19981
5075
10272
25940
8152
11438
28509
47525
21646
25898
31103
19387
14491
22035
2172
13479
18996
190
13112
42853
12459
49456
21847
1592
4192
14236
7823
33785
16617
17717
12056
6698
1197
43047
33188
20028
12060
19281
18624
32759
48933
31083
17987
44856
37505
12810
7340
33052
30933
39452
43642
16123
25840
42710
26223
15003
33456
43094
46666
39677
238
33742
31613
40536
44834
40614
38126
32858
45569
676
26919
38803
31314
35364
40857
21267
17748
48979
18180
7861
32167
31802
40379
190
49782
15281
15068
29283
22385
25767
2997
8305
11109
5072
232
17914
28067
4047
11353
5389
5213
32209
24757
6459
18425
20200
4471
14613
16747
5171
21961
2381
44581
22377
8926
31205
15510
11201
12394
36544
9478
16848
31442
20789
20036
16626
45237
27
14845
24495
42104
43247
6692
37201
42571
49839
12398
11194
42111
7428
1663
22546
9654
49339
27754
40459
5841
32421
6071
41777
41190
18691
3089
8120
43494
8855
31263
14311
11037
42139
7344
3291
44532
7407
16998
1285
3014
5922
31031
37189
30244
21406
41958
24615
35554
5267
42934
5761
28665
27008
48071
4750
35761
16471
1120
12835
34921
43225
18826
26851
25874
27796
23172
38415
9945
5820
17243
42175
26202
2203
34284
34068
22238
24455
41082
26679
45638
6638
10096
28686
27156
23334
10889
35705
3582
20469
25910
41233
16824
18349
39944
4068
22907
14727
16014
35065
16896
37178
34594
32646
4229
20260
13344
9357
42924
17455
24080
25725
37141
18636
5019
41337
6975
9755
37227
35554
25992
40285
33590
10904
18938
43673
15523
20964
46653
40065
23083
25869
8100
41906
43551
35277
49192
9189
28590
13351
28840
18603
14863
6618
16444
33954
42338
27152
31510
34343
1958
15512
42744
41746
8272
11677
17006
22804
39346
25167
43232
660
42052
27438
34089
14788
49408
12299
46390
7270
40182
35777
31813
2550
27071
11769
26829
392
31704
950
32429
24124
23368
1334
32320
32076
21165
22409
39576
39400
38208
27126
36064
19457
32963
32640
40049
28764
48975
38313
26575
14614
23868
16957
2723
10793
5338
39797
33868
22937
21257
4824
14071
36697
31302
34013
10339
12017
29259
40035
37975
17246
22667
40179
47456
35812
22634
25259
43856
38583
25771
39483
46184
27402
11713
21821
32218
38518
15480
49181
22201
43192
36288
40486
20023
8980
30176
33174
14806
21495
38021
25785
38516
3091
37020
27457
16391
9587
43907
35383
49204
25555
28130
2084
18173
33484
40357
18259
3242
41670
14409
44023
15809
18486
38379
11230
13037
28223
14880
344
47879
10739
13392
5876
31275
15203
43290
12356
21282
6211
23872
8097
15994
41126
44241
41622
36814
11924
35825
16722
14995
31942
21322
24758
47301
645
34824
24433
31336
42563
10691
39600
17338
46743
12831
13634
15078
21460
5432
21448
6151
41284
44212
15710
44269
1219
38468
47522
4863
24970
39157
5693
25432
1469
11843
34313
45838
29771
36609
38540
46984
20795
33878
44869
44564
4686
4138
29507
7525
38490
31963
13843
25700
38699
916
14166
23749
18217
29178
33471
18853
21946
18115
15584
1527
37433
31200
45527
971
23596
23215
553
3366
7052
10779
44344
46118
25822
28579
102
18933
18657
35464
47159
24513
48163
6143
23021
1995
39146
39791
21654
34507
27481
33684
1692
48159
30441
20980
1582
32640
33743
29951
3262
26738
49190
17109
36772
30170
21564
25335
4320
25494
9600
7571
38565
1335
25874
14997
39713
23525
4054
27748
30450
34228
41230
42313
37954
48877
22687
17239
27518
25421
26824
27488
30965
47909
18478
17364
21744
5495
3356
9430
32388
2575
22276
21961
36865
25117
9687
4760
9324
38411
43521
18269
3030
13003
46407
42006
35359
33901
41783
31163
36554
37895
38303
20143
11300
37557
8494
18382
30611
47917
15807
43579
27510
40418
39428
21870
48652
11940
11140
5813
8056
7158
8789
42330
34650
48255
42260
47263
47289
33315
3178
37889
27906
3261
21581
16596
41831
49396
12345
17080
27411
8755
39545
1352
38987
46189
4133
23089
37485
8764
32206
29224
29742
48746
16695
44966
32771
6396
14170
44327
19303
37292
49621
38389
25436
8393
22719
28923
17770
16839
45189
42428
20166
33194
33330
6655
37911
38021
14467
39861
4771
43124
27606
35096
45546
28314
29564
38563
12980
9397
28834
35867
2233
17768
42026
43492
40758
43326
37687
44456
2570
17750
335
25087
2614
27495
29454
13028
43011
5618
46890
5406
9217
49478
31970
22379
45667
19666
47336
6184
45246
29116
26041
47592
37931
27973
11163
37490
3426
30171
44193
22431
18124
30169
17344
45632
34549
16131
20424
4253
2959
35213
9876
36422
18893
10910
23003
2642
14806
28858
26823
27929
24946
2768
2527
39596
11385
28234
39548
28110
21968
47629
23628
24370
15942
40996
24555
39962
1786
23639
18001
4187
19754
1297
6226
2358
890
19933
22131
29563
10056
2732
49791
26253
17924
49254
4266
1138
9004
45601
32096
34788
47340
7742
33791
8537
38179
14472
3929
8224
13347
38503
42649
6194
13979
48015
13189
7516
24001
45725
4359
39247
36310
43687
20030
47887
6075
34919
32305
1703
26592
33703
4918
4568
38139
11446
22188
21693
24829
42533
49495
6921
20770
29879
5087
43361
41447
8638
32453
3630
47237
42451
35031
41150
20894
11840
14715
32587
46831
15484
20268
7052
11019
49734
10805
13671
44045
17656
15839
21232
8231
12764
3510
7266
6316
37304
38209
19257
31929
43736
39577
35956
28726
21808
39766
15021
20375
7525
19726
10145
12835
26068
30943
15250
5834
29412
49530
26174
7379
13845
19176
22099
42614
5663
6511
47818
15211
9213
28881
27630
23549
41832
25044
362
48999
25354
32599
28519
15411
47948
8015
25690
42128
21474
41041
2643
8491
1586
46645
43032
9518
1486
21522
40068
6246
39093
49797
42172
24745
13359
10371
40719
37752
29799
11195
35387
13128
29856
28044
49562
10285
32484
49773
39660
15758
43766
37732
38430
40654
36088
33065
6845
37792
33256
14246
16435
40160
13934
46502
44307
35719
4276
34019
733
252
39404
40654
15199
17924
34437
21492
36356
19138
7095
10535
19529
49077
5797
38150
26720
48873
30571
1768
19058
16909
41770
39452
33772
13410
9176
26868
28048
9090
42913
20631
29293
10987
10293
19857
35803
20887
30194
5581
35513
32773
1447
26846
7306
4365
23035
22205
40643
20266
5719
9688
16765
44987
47982
37792
4871
30782
3983
49194
34284
37637
45030
40743
8039
3982
39162
32679
1045
44616
37829
28451
32640
997
39681
18524
2101
10063
48689
1079
7252
33107
19670
42494
5092
32375
7231
25270
19760
13156
20819
43693
45080
35590
17340
44649
33740
4001
7397
39200
1230
38661
29340
21934
34029
6317
48727
34096
29656
49039
41753
41461
21458
19877
31335
9628
45993
21342
16659
36137
20631
18990
40444
34154
1789
2313
44261
32608
8756
43355
26645
22669
17628
44339
49985
4105
1242
30163
20615
15775
12666
7237
13066
24410
57
24791
23544
42000
27579
24762
41054
1701
38716
9940
23330
40783
20599
9498
2517
42894
25895
19021
12901
1260
24317
2212
7447
41398
3883
34922
29865
21248
32587
11392
45470
19947
35886
39553
22650
17408
11366
25315
47045
24475
39513
49965
8411
44715
12657
46353
30648
484
42065
48635
49326
24263
43998
12762
30583
47976
20750
11857
42520
1966
33125
15960
49842
15741
23609
32460
39789
35605
34425
2274
38274
34281
14048
47968
36757
16722
48246
5054
45541
24432
2761
4810
5491
20349
40956
36994
34878
6730
44373
48292
23180
13909
34779
47917
23707
49887
27428
37619
37730
19502
5823
36679
1789
18444
16066
22897
48569
12007
49265
6281
26117
40788
38413
40814
533
13383
14231
13857
22552
21037
42503
18138
32130
26521
293
6663
12539
9723
31808
2442
40493
2063
41562
19590
1635
1386
1905
10053
46917
13493
36178
26256
21249
32253
44905
49591
38342
34028
4810
15290
877
8074
27301
8499
31730
5485
47631
36456
34562
32792
26899
49282
32812
38635
11071
15204
41227
40193
28840
41301
35022
39556
15385
5549
25232
2836
42568
237
30745
37882
3557
25833
42675
2855
25591
22074
117
33477
36272
22550
10149
32650
35230
27869
10223
36882
18792
22248
3879
49541
28856
41779
13970
37611
28209
21678
9908
48661
7819
37030
35184
33728
7811
21840
34385
48692
45219
33877
19308
15323
46607
44236
38253
33191
15921
35610
47293
7644
3603
47954
6482
45095
14315
28664
28312
21075
6256
24452
29331
16923
13732
21928
8789
40024
25909
26365
25701
8649
11373
16511
30612
22891
33398
34348
13762
25014
12213
14402
39369
34450
41186
36977
32652
34236
24576
8052
42553
42406
45569
8545
47107
33790
13514
28449
42666
12484
27751
544
15341
22202
21303
37340
27535
35804
1680
9391
7640
20544
49654
9360
13080
13204
34788
31417
35165
8842
1913
6265
25061
14775
27713
3382
15927
14805
9470
9131
18417
28128
6777
31346
35620
2053
16607
45012
10863
12985
47892
11019
40588
31862
4179
5136
3025
34697
34887
1030
22781
27278
26093
48638
15287
25455
29502
14049
16944
5821
14611
10846
38934
36869
29802
20011
5048
39420
29815
23341
23623
29504
813
26754
11511
41775
38619
37083
23276
4517
45026
24060
9300
32832
28229
32447
45538
9912
16749
25404
35735
5548
22795
6555
44944
35380
16709
12670
22675
25676
33378
35452
44429
4650
19926
27900
42743
26941
3107
3381
35371
1456
28963
767
47153
40402
28834
25251
2109
41122
9450
17262
40636
16686
39837
9024
1755
2176
46142
2010
11535
31908
28109
16621
20276
30836
42638
47605
42842
25383
44962
4806
30933
26237
4504
11572
28498
8829
35267
13042
43588
2662
29721
30861
1016
45009
37164
33433
18417
9727
36422
45197
31199
8870
36183
7117
25527
37605
4043
43953
28270
15738
36959
36384
31582
12030
43163
27116
9085
255
36911
16311
37035
11355
16979
33876
42859
6258
11636
30655
6931
24149
27866
3309
49048
47064
35936
47030
39701
45829
31928
26803
31160
15547
16289
37445
24753
38147
10911
36545
45942
40620
11290
5435
43185
14977
8440
6738
20768
6798
6578
13498
49254
32922
9306
46567
41232
1366
24865
17126
48102
42092
6206
40883
47120
29501
15620
10277
22155
25183
37229
43687
24886
5929
25187
13712
16212
16905
14867
25552
36129
36273
38802
8047
12366
18410
36331
26008
2520
7219
25718
19557
1477
17474
31135
17939
7049
33049
47211
39882
44361
42731
21797
24492
19274
48235
27052
12447
37036
7988
250
28991
44015
14559
46609
45327
18540
2315
16923
9842
34268
18679
10131
30025
28673
42867
25839
49353
25694
30067
43078
42078
48633
49387
44190
28195
16089
30037
29
16810
8037
2044
22330
41131
34498
42090
20115
3330
30403
28510
693
31753
34308
49859
7154
26961
37339
19206
45709
45397
9630
21192
20485
5180
47274
48439
673
4041
48353
47300
32559
25384
25925
34296
1565
20076
37494
17818
26897
39123
6204
28194
47822
16900
46462
47862
5336
20260
15994
22373
23399
35267
36043
35864
27019
18737
37848
31435
43507
9929
43628
17114
18539
16129
40998
25360
32114
31552
9388
11519
16169
25884
33348
29921
30148
32412
44166
1621
46301
29226
1567
36959
27877
24215
361
32131
49917
8469
16752
36237
10207
35035
5952
44909
37748
40676
10487
27508
2633
8068
37309
26272
19780
45357
26631
28240
33700
41370
25257
8186
2958
15849
33905
23096
17926
32568
49806
36103
28956
20484
31682
26070
2833
31229
36265
33286
33523
24647
44791
10649
31903
49105
10922
23818
9719
2504
12616
11770
28637
24646
1077
48887
2594
13233
23853
17486
5792
43401
11357
37559
17242
26692
16670
34790
41326
1620
44802
32214
39701
41062
13494
17751
28694
34254
12533
32862
7359
30054
36501
21981
49570
3214
34417
25018
7612
40323
5481
6891
49692
10998
22085
42402
10736
14878
5353
48476
13463
17668
20335
33278
40174
28556
16083
14934
33729
14151
22877
35760
4823
13181
24941
8005
16588
19987
4105
23487
3812
10437
18351
14765
16404
14002
49924
12853
1039
23274
20808
6555
19370
45049
5336
28986
18036
2449
4779
45342
9384
32350
741
25035
19259
43565
46245
5124
8076
17002
40985
28312
29241
36834
2381
16592
1577
39243
19946
40154
44520
22218
31766
9298
38576
14604
44998
22546
25770
4777
32831
6922
1397
11494
41604
18194
41558
27690
9243
44695
12105
2077
28322
15107
2696
43556
9997
20795
17284
43070
29162
8229
43749
31784
33039
10325
23433
16529
12905
39503
8458
34241
4922
35182
47346
14193
37700
3000
8482
39926
31499
27455
13424
26415
20986
22806
17253
40440
48610
5332
16686
2409
12487
42766
9526
13385
7246
9690
15940
17204
6152
18025
10058
40990
36783
43311
22720
14674
31891
12559
21040
48340
16628
48004
47365
31838
14023
41923
7469
22301
16399
12089
6657
14477
13239
2245
8492
34457
19463
13925
21043
16518
30552
45419
41212
38578
29795
46985
3515
23787
41639
38130
48567
20350
29172
38801
46920
26190
37020
6542
4916
21846
28925
9090
19580
10442
6300
1794
35719
1230
9676
6104
376
25545
3872
40127
35897
4557
38825
18330
9673
43496
5220
20846
31144
41246
41318
15228
19726
21191
29992
9617
12237
48656
3015
16667
28777
33696
27782
19086
41575
18735
13747
43382
2020
20623
24072
12524
11910
36762
31572
13034
39247
23057
11761
48628
32171
8984
11616
41605
40170
14453
39187
1049
19372
46623
45680
5614
26046
48322
7235
48697
12861
10122
6842
2586
23521
12671
46077
14886
5399
48603
3718
4349
2703
23611
811
31160
43246
47481
30748
32719
6954
24967
25767
43005
39952
4325
21711
15216
20585
34678
34066
5843
43086
10661
49034
2964
36381
16708
47068
45242
6475
26685
44639
21180
12605
41894
19805
33016
39970
34467
8480
34038
38304
1688
1664
8801
29769
25803
34078
46788
36763
10872
13307
37336
39194
40500
24953
5240
24352
29146
10631
43651
40792
15673
25714
35202
2613
5075
33643
7178
27356
37347
9041
17208
43674
7130
22806
4891
19633
34767
925
30823
29184
19414
39697
22051
3509
48530
5854
7895
33214
21623
2723
40136
35278
7744
11327
45451
42952
4035
2024
36912
11765
239
3586
39032
47639
34315
36734
93
10506
3764
1287
10139
0
14320
30273
16872
22348
43836
29866
17813
17528
37855
19412
30840
9693
26454
38081
46436
27247
29595
1575
31092
14447
43137
13830
16020
24357
39184
48164
41672
27280
10111
20273
25731
23541
10002
5113
29536
28185
33204
43053
39053
19626
10939
40313
43522
10073
40760
7939
730
24130
7056
13711
21156
21394
7897
32055
30419
33263
9112
4352
42046
17200
21741
26341
46945
17262
48768
32347
29219
30882
45248
13530
3541
319
378
39894
1541
7427
17935
34305
27619
26534
18146
43629
9597
45762
37370
8338
10756
18529
1097
1314
738
32685
37103
35758
20855
4537
48158
26165
756
42311
3520
38481
18234
45200
4511
41851
23676
3011
23084
20317
4080
24588
17409
39383
34778
12220
23521
23220
45888
48389
25428
37279
37021
49805
47313
6819
25116
24122
11671
13064
41041
48960
11962
10387
40808
9933
13909
7981
47468
7335
3733
18367
38064
35006
12663
8910
44873
37792
4761
30051
43695
43613
15041
8810
21892
1359
17548
41164
23139
17367
39830
11944
42187
978
4024
6570
17490
15407
16618
8015
37944
17889
47770
5040
9697
13639
47655
45343
953
44991
26065
49868
42427
46739
48498
33868
33512
43483
40063
41488
1645
39696
23886
743
33642
13781
12534
47143
28608
11674
41971
30883
35773
11741
34314
38759
46815
46590
38215
10292
3218
21564
9720
14659
6459
1578
35189
47480
12061
49734
10235
32077
5051
23297
2664
35192
19592
39719
10327
23627
1245
3129
32233
43605
17391
8348
43472
48886
1092
7730
20040
13863
37365
45285
29379
36001
18318
24763
32604
1338
37700
24630
7540
29605
28614
6241
24737
41599
23100
13573
2678
19396
8765
28284
9118
35949
41629
13877
10139
46626
3023
48240
20594
46691
4759
40885
16697
4679
32716
25786
3450
34600
19154
4786
42201
44374
6271
16642
41267
24370
14371
34022
4509
1337
35417
9651
47493
47560
39983
7661
27871
37992
16800
16491
19551
37769
17660
4287
44285
42977
6063
27205
35413
8986
38444
41033
42588
13187
42691
47620
16190
28984
7001
47218
7787
20158
23893
28670
9908
37488
36567
37100
22305
21813
40
28234
40592
974
37169
10054
21620
19555
9747
13236
45977
15534
7357
8982
30338
20895
16575
661
850
11387
26535
6737
49462
44490
11778
38832
4667
31435
2335
32159
22964
30563
21237
292
11867
30909
26254
48262
27713
32926
35572
15136
10617
19260
48652
27136
650
6151
12955
14034
20418
32895
7324
2385
38575
41047
33761
36648
12856
24107
46681
798
16919
35131
28064
16751
46216
15998
37096
20161
44384
20537
22008
45684
20752
47320
5986
3118
19290
23578
47975
45129
43447
29587
42200
43455
31419
9384
34134
21628
34700
23126
45947
3473
22648
15470
20144
14507
39049
48930
20706
12917
11029
40033
25478
43126
21417
668
27694
14215
48259
19023
43030
48748
32465
37590
40722
36777
19559
41000
19575
25333
20214
5022
6482
38613
8837
13909
19030
24897
3831
40617
40581
33184
47763
33224
7601
34762
19487
27442
11700
10624
19539
7503
39772
28008
48773
8664
46058
45267
3533
49097
35253
13734
21237
32215
38305
10085
39692
23600
4956
17280
13102
35994
21095
37598
44367
27312
14608
46470
12143
22620
32928
2249
7271
669
13150
47059
34197
15888
22436
46778
1091
4521
27194
17090
13678
47817
3568
45304
4221
5921
46328
931
11393
2175
41708
2119
19103
25366
26111
26822
24769
31184
13025
20692
37167
10177
26195
10321
27352
27919
37542
42439
44441
48717
13112
21492
38823
23811
31331
47429
40657
29873
3012
44169
30501
20091
16479
14801
30144
13713
20750
8233
32975
23818
28828
1548
42392
1368
32820
47092
11657
4721
10714
36560
29183
965
30261
22830
32062
19566
1337
38400
14326
12671
45324
48503
47660
38912
2658
37173
10104
18719
6448
12432
49587
38758
26134
33618
8358
4229
6771
47555
40159
41824
7908
15953
3691
23538
45345
29316
39304
42012
23923
40241
8791
4725
25072
27629
20508
28619
27924
11620
26615
30140
11869
12871
22190
6187
47018
34960
26356
19324
6963
14745
34909
11122
45808
33975
35947
6562
15070
29961
16383
3746
40443
18090
44659
16938
38628
1367
20627
42359
42810
18903
4381
11202
16979
45911
11940
30631
45027
25490
26984
44383
18308
45636
32038
31383
35935
5486
8079
16205
22424
47650
21776
20017
24824
28820
10607
8981
8589
20376
19166
30209
8514
35174
4427
27415
33463
47554
48707
39423
745
1583
13412
2013
26295
8393
12234
3501
47274
12353
31465
36148
43359
8861
43829
7009
10113
26106
29435
42020
18184
49456
10866
5617
17104
35170
608
11176
22323
38941
29154
4838
38522
22280
18466
33232
42566
18432
26693
3375
46154
20214
31276
11426
13165
43268
49631
11974
16328
45559
11656
45128
27828
19148
4465
586
5417
19609
29550
12495
19137
20276
44543
14461
2341
37172
26560
25072
49988
47275
3785
27217
19862
7901
19656
8479
6543
41127
18823
39462
33456
15400
40039
6596
39791
18316
42242
33515
34151
12910
12221
36588
10491
37243
44907
6934
8028
38928
30573
6055
22822
21692
11736
28651
31431
27011
46156
17748
42280
5124
19032
42405
414
16545
5742
11611
44605
15959
18516
49474
15428
33157
7522
7278
21665
47400
21883
13469
45063
6145
19933
10110
25616
43294
23080
13634
24274
42591
21287
9031
9021
13959
36219
24308
24422
25763
37980
43292
1148
25881
2440
4462
20627
49364
25766
44765
49638
23135
45080
19215
14790
6955
21266
21778
20270
10911
2440
42549
30244
33791
44056
6906
36889
45748
29799
47097
28806
8355
18983
8921
8886
40237
46220
5299
42023
16759
11822
2683
17299
19041
4895
6609
27263
27286
20999
9035
14233
22995
47795
20598
44429
6283
48348
36409
49029
28308
17117
28252
22828
36621
13130
20321
39753
45489
16617
35694
1457
4314
26561
8922
7537
13139
40871
18663
19031
21079
27391
49259
22288
14158
31497
4618
45563
36240
11494
40070
27445
19203
13733
28816
4656
41272
24033
44362
39301
9623
20490
9261
9740
19307
24545
41531
37708
6157
7505
26202
35880
39702
12716
4851
17302
14837
30726
1497
47963
28056
29022
1910
48665
22079
4633
34025
40515
47081
35281
33207
26933
36416
40147
36095
11935
4118
32800
8319
46294
34214
39572
16206
39311
34337
32470
46719
32892
6801
34107
37545
28072
48094
40671
12822
1035
18781
10822
44795
5339
27460
10018
1629
5136
43001
42186
10943
20651
42458
16845
28560
38851
10362
4041
49393
32488
23977
7058
17421
16162
17354
46082
7730
38236
9435
17089
35012
29753
48713
41326
2616
40632
20159
21754
270
23923
13279
41170
12668
25997
48745
36858
27676
702
46674
40765
26979
40737
2332
23053
16417
28107
14316
9560
11898
44669
27410
15361
3012
10641
24145
32269
5261
38111
36582
48543
31972
29063
9253
14440
29646
22255
2459
29237
2304
49089
27377
5951
13770
424
217
45083
21623
5336
17246
45834
8356
19950
33485
40134
18595
15725
39190
42997
2717
12504
40810
10822
18612
9344
11261
10037
45674
2381
15380
17261
28688
12981
31028
15252
34378
43263
5146
1749
2986
33836
41465
37348
10817
7267
11214
35584
20
14596
10521
19889
12675
7738
42467
40152
16013
26993
15833
40838
43929
33582
7165
30493
16126
47313
1541
13168
18601
8638
17887
24343
27519
2328
21906
35758
25264
42969
23604
11343
14142
3223
19732
27294
15126
16851
16358
31844
17218
5351
29209
16389
1960
26894
48870
27657
48887
3378
24464
19293
29432
32802
8071
22192
22487
38463
26674
29857
30014
39770
49009
10919
3400
19206
44960
44394
14865
30658
3639
43880
43169
12219
46183
30956
47977
21126
20120
39403
21923
18070
17454
15921
28770
21804
49264
14404
20287
22153
30142
47757
12691
45359
16940
18356
25081
20767
9075
11146
49186
29630
49969
33714
46862
13265
945
16699
5988
15050
11294
38579
16241
32879
38557
37794
31511
448
47010
46302
22662
29324
31687
32639
20792
25810
2533
15653
11447
2612
11748
24699
48506
1707
21912
21718
8150
26910
20133
46849
8025
48878
17879
41042
46069
42721
9477
44561
30817
3444
6329
13057
23569
30238
15196
17476
44776
26173
45862
31139
10580
2597
23932
32606
12760
29305
40654
32117
47527
11317
5311
44752
27995
24405
42149
16375
48393
39402
7082
22403
26508
2283
503
4332
28200
1354
39136
4507
5555
27877
4428
17002
41024
2748
37810
13687
46482
35925
37736
20779
7465
1178
36827
31554
8315
7882
42271
32887
3713
19740
4529
11352
10026
25981
48152
29134
32577
36594
18172
14866
41795
19960
4800
6808
17859
15990
35725
40305
8098
49983
6058
17749
524
35604
9642
29412
45705
29603
12737
7408
4470
14102
22450
11569
24387
34972
47527
2835
9869
22970
20365
47779
18779
28558
9371
6049
40822
40079
5578
31369
12427
13507
21470
40838
29972
25932
40099
30082
1173
5046
11742
36125
28792
46101
1805
44472
8139
8646
28688
21743
5357
32958
36428
35325
42347
8667
37081
12765
48807
1941
15202
26875
49618
26834
37977
20702
23298
30415
30545
45128
35324
44743
40824
41471
27535
45410
13639
5987
23026
47033
32911
24700
20921
31023
8139
14347
29135
20704
23779
11264
41953
15361
31697
18846
1446
28160
28913
12241
26207
31826
1110
44402
42094
39231
35320
25867
34775
41670
24959
31625
27524
13368
27436
37878
9397
34965
9623
32393
27406
6799
46762
2144
49889
14801
40906
5140
3091
32414
13925
13588
24438
30558
427
27115
28136
8595
12384
41843
35691
12734
7881
46361
37924
9833
27623
28579
37986
36481
28603
8243
1419
43950
34092
23930
35693
20078
26968
30651
21014
48467
33472
8321
7386
46788
14439
29446
6142
45258
18840
43687
38109
14921
25271
17145
8545
36700
4366
47579
7317
26721
37156
8440
16133
22161
5022
41668
8980
3128
39660
47046
47149
46988
21011
39488
46577
3924
28280
14069
5207
4861
28196
40494
16868
39464
4110
40671
47733
36845
21518
37858
42758
28059
2212
33129
20579
4435
36299
22470
38649
15849
5751
11063
34690
18667
9141
44996
30610
29679
37548
1062
11717
26569
29518
47863
10474
24884
24765
15991
27131
16109
49684
45445
21729
17924
1646
34875
32412
41907
26179
23003
23855
36395
38911
49577
35950
12522
34398
42362
12349
29045
22214
14584
1207
14091
24926
14716
26916
3817
13572
21952
18970
31912
10138
39753
34118
21250
8104
1248
10533
45245
38618
21973
42681
8984
46633
8193
24798
8130
25592
2243
45582
46975
20654
44322
31400
26365
4992
35411
19706
29554
39066
16817
43233
6765
38753
27293
26223
46296
43895
38208
29498
46999
13286
21352
24232
21846
11174
16347
9380
8793
26940
13997
1836
13381
10231
30620
13864
41458
47563
8472
18935
45671
16182
8321
48445
24101
23042
41126
767
7865
33589
37793
14418
41607
8262
18225
4645
14039
38380
40634
35891
22687
31016
25690
173
10252
25845
15806
25052
44504
45635
22953
13946
22936
22761
37110
11196
8138
6875
12593
37669
6912
40164
26276
44467
42527
37694
40862
2274
7226
7412
17959
25425
25602
40401
23571
23022
34642
2230
36182
29777
8525
12760
9479
2519
14801
9552
33210
19910
12663
32010
2741
33812
49160
22255
30903
28671
3739
41271
26216
4979
42501
41553
31444
45427
42176
16810
2006
24657
19979
25979
37239
17933
18786
12204
36826
6344
10169
2634
35555
26856
38830
48359
25333
20038
8147
22086
32525
6618
12066
13854
11636
13752
34573
44977
10006
9346
7508
39024
14856
20573
48673
34088
19170
9891
15370
38113
36967
16973
29329
23979
47394
24489
2397
657
8922
38577
48422
24035
10949
22866
9907
33968
13488
26316
45680
4656
8454
19217
22447
43031
46958
24159
11447
44449
3641
25312
46054
39063
17546
34910
31553
39511
7515
4153
9319
16998
36006
35135
23292
6939
28812
34994
43227
18861
14667
13259
26124
269
14643
49791
47466
44692
49101
41059
923
36197
33458
17620
2705
44956
23049
19174
40813
32269
6880
21669
41045
17577
15372
34200
44108
7632
10504
40443
36574
34340
20492
45331
12677
48594
44604
40851
12842
4370
10450
16350
114
17997
7170
33179
31126
7911
41012
22876
7084
17202
21091
1261
9699
22989
24027
27806
8135
10285
10824
8871
47310
45376
36417
23121
44773
44247
16466
12435
39320
28410
37263
28978
35316
20924
45872
47614
48810
21203
25538
32616
18268
39794
10529
26529
30031
27276
8963
46317
32234
10281
22522
27981
28847
2932
41586
23985
749
11670
16487
19152
37218
34899
28429
16094
47714
15690
6746
13519
16809
36987
10921
2702
11772
39287
38373
41550
13316
27231
47499
34056
24200
34942
34537
8313
49915
31029
42374
28647
40389
43247
49368
32546
37993
38402
19061
1356
12880
48857
17962
11042
16930
40284
36993
25365
5193
30973
22415
31818
46075
1388
44785
17730
2892
35088
33394
34685
34138
28522
30298
175
30748
20439
25006
24711
1844
20614
47482
3952
48536
36758
20870
42480
8076
42538
3224
37229
49848
30270
13711
8474
19748
19055
24602
18972
39026
7358
19367
44933
1115
43400
15067
42439
778
21526
29965
10032
25761
2205
19038
46444
116
22756
3664
48447
5156
41551
23352
2975
29755
20499
42030
37725
43414
32059
21420
46762
11870
36469
9737
42231
19054
37199
30260
17679
43036
46471
6693
2280
35175
22780
23744
38272
40252
37503
26364
39167
1568
45930
23741
13515
22054
25175
1046
33290
36494
33329
27200
13203
26749
323
6233
8343
3406
34203
43678
39177
5956
25413
617
49132
21580
15716
34608
25163
1579
8556
41442
10044
4187
22943
15215
31043
1051
47682
4820
36707
49919
37959
2310
31392
14772
18515
28451
9003
47082
22585
16484
17329
24467
40691
22652
355
22983
26599
16765
21565
47939
49517
49057
8561
45443
1056
10410
46521
26308
12225
20023
29919
38025
27072
3577
880
42782
12086
22037
49301
15792
44724
31480
47409
46171
31136
31470
13458
29720
8999
23093
44106
19638
39880
29856
10836
31839
24555
16928
23670
30038
39800
31550
37161
41796
38642
21937
36369
34483
46561
40008
4085
39128
26727
47718
36256
23441
28272
20343
47795
25313
30585
14231
26771
44682
28485
4210
10702
46204
12670
5527
4816
28990
1065
29698
30491
19910
30248
28842
39167
40860
6511
25402
43673
12602
5423
30880
23803
19609
43652
13563
30074
19215
8678
16341
31403
12583
19730
10290
16710
31450
25803
2783
10173
8948
45627
4637
38788
2542
45631
6579
41139
19025
45106
6220
36737
24239
26906
47825
28311
7149
2170
2719
16382
34703
6748
3547
90
19050
36926
1673
26524
40297
13832
27502
21777
4602
8322
48074
26159
32988
18881
31168
47395
16111
20619
13883
9235
43047
15673
38969
28359
38909
9126
8936
4816
29824
10789
30047
17869
27736
45941
30358
6287
17112
42190
28522
30415
5860
3344
23022
40162
22820
24339
1347
32676
12934
18646
34500
47619
1865
4111
12415
22601
35910
46613
46136
45784
22398
39665
47513
31826
35029
8772
8364
46918
5372
11432
42596
10547
46512
28860
44314
34281
46603
46525
28571
12402
31044
21946
10625
25928
23093
2108
16530
13618
45886
45306
30440
25674
23825
44346
6128
1493
18531
47932
31592
27969
12434
20339
41520
32230
20722
48963
44801
32765
36614
10002
7456
26955
12096
32556
4612
19011
39691
42629
11964
38920
15532
29029
37184
39397
9638
27871
38061
20054
23114
34125
47610
36194
1833
43134
5479
46961
47805
39348
45459
44820
26455
29737
35545
35870
23368
13639
5987
23026
47033
32911
24700
20921
31023
8139
14347
29135
20704
23779
11264
41953
15361
31697
18846
1446
28160
28913
12241
26207
31826
1110
44402
42094
39231
35320
25867
34775
41670
24959
31625
27524
13368
27436
37878
9397
34965
9623
32393
27406
6799
46762
2144
49889
14801
40906
5140
3091
32414
13925
13588
24438
30558
427
27115
28136
8595
12384
41843
35691
12734
7881
46361
37924
9833
27623
28579
37986
36481
28603
8243
1419
43950
34092
23930
35693
20078
26968
30651
21014
48467
33472
8321
7386
46788
14439
29446
6142
45258
18840
43687
38109
14921
25271
17145
8545
36700
4366
47579
7317
26721
37156
8440
16133
22161
5022
41668
8980
3128
39660
47046
47149
46988
21011
39488
46577
3924
28280
14069
5207
4861
28196
40494
16868
39464
4110
40671
47733
36845
21518
37858
42758
28059
2212
33129
20579
4435
36299
22470
38649
15849
5751
11063
34690
18667
9141
44996
30610
29679
37548
1062
11717
26569
29518
47863
10474
24884
24765
15991
27131
16109
49684
45445
21729
17924
1646
34875
32412
41907
26179
23003
23855
36395
38911
49577
35950
12522
34398
42362
12349
29045
22214
14584
1207
14091
24926
14716
26916
3817
13572
21952
18970
31912
10138
39753
34118
21250
8104
1248
10533
45245
38618
21973
42681
8984
46633
8193
24798
8130
25592
2243
45582
46975
20654
44322
31400
26365
4992
35411
19706
29554
39066
16817
43233
6765
38753
27293
26223
46296
43895
38208
29498
46999
13286
21352
24232
21846
11174
16347
9380
8793
26940
13997
1836
13381
10231
30620
13864
41458
47563
8472
18935
45671
16182
8321
48445
24101
23042
41126
767
7865
33589
37793
14418
41607
8262
18225
4645
14039
38380
40634
35891
22687
31016
25690
173
10252
25845
15806
25052
44504
45635
22953
13946
22936
22761
37110
11196
8138
6875
12593
37669
6912
40164
26276
44467
42527
37694
40862
2274
7226
7412
17959
25425
25602
40401
23571
23022
34642
2230
36182
29777
8525
12760
9479
2519
14801
9552
33210
19910
12663
32010
2741
33812
49160
22255
30903
28671
3739
41271
26216
4979
42501
41553
31444
45427
42176
16810
2006
24657
19979
25979
37239
17933
18786
12204
36826
6344
10169
2634
35555
26856
38830
48359
25333
20038
8147
22086
32525
6618
12066
13854
11636
13752
34573
44977
10006
9346
7508
39024
14856
20573
48673
34088
19170
9891
15370
38113
36967
16973
29329
23979
47394
24489
2397
657
8922
38577
48422
24035
10949
22866
9907
33968
13488
26316
45680
4656
8454
19217
22447
43031
46958
24159
11447
44449
3641
25312
46054
39063
17546
34910
31553
39511
7515
4153
9319
16998
36006
35135
23292
6939
28812
34994
43227
18861
14667
13259
26124
269
14643
49791
47466
44692
49101
41059
923
36197
33458
17620
2705
44956
23049
19174
40813
32269
6880
21669
41045
17577
15372
34200
44108
7632
10504
40443
36574
34340
20492
45331
12677
48594
44604
40851
12842
4370
10450
16350
114
17997
7170
33179
31126
7911
41012
22876
7084
17202
21091
1261
9699
22989
24027
27806
8135
10285
10824
8871
47310
45376
36417
23121
44773
44247
16466
12435
39320
28410
37263
28978
35316
20924
45872
47614
48810
21203
25538
32616
18268
39794
10529
26529
30031
27276
8963
46317
32234
10281
22522
27981
28847
2932
41586
23985
749
11670
16487
19152
37218
34899
28429
16094
47714
15690
6746
13519
16809
36987
10921
2702
11772
39287
38373
41550
13316
27231
47499
34056
24200
34942
34537
8313
49915
31029
42374
28647
40389
43247
49368
32546
37993
38402
19061
1356
12880
48857
17962
11042
16930
40284
36993
25365
5193
30973
22415
31818
46075
1388
44785
17730
2892
35088
33394
34685
34138
28522
30298
175
30748
20439
25006
24711
1844
20614
47482
3952
48536
36758
20870
42480
8076
42538
3224
37229
49848
30270
13711
8474
19748
19055
24602
18972
39026
7358
19367
44933
1115
43400
15067
42439
778
21526
29965
10032
25761
2205
19038
46444
116
22756
3664
48447
5156
41551
23352
2975
29755
20499
42030
37725
43414
32059
21420
46762
11870
36469
9737
42231
19054
37199
30260
17679
43036
46471
6693
2280
35175
22780
23744
38272
40252
37503
26364
39167
1568
45930
23741
13515
22054
25175
1046
33290
36494
33329
27200
13203
26749
323
6233
8343
3406
34203
43678
39177
5956
25413
617
49132
21580
15716
34608
25163
1579
8556
41442
10044
4187
22943
15215
31043
1051
47682
4820
36707
49919
37959
2310
31392
14772
18515
28451
9003
47082
22585
16484
17329
24467
40691
22652
355
22983
26599
16765
21565
47939
49517
49057
8561
45443
1056
10410
46521
26308
12225
20023
29919
38025
27072
3577
880
42782
12086
22037
49301
15792
44724
31480
47409
46171
31136
31470
13458
29720
8999
23093
44106
19638
39880
29856
10836
31839
24555
16928
23670
30038
39800
31550
37161
41796
38642
21937
36369
34483
46561
40008
4085
39128
26727
47718
36256
23441
28272
20343
47795
25313
30585
14231
26771
44682
28485
4210
10702
46204
12670
5527
4816
28990
1065
29698
30491
19910
30248
28842
39167
40860
6511
25402
43673
12602
5423
30880
23803
19609
43652
13563
30074
19215
8678
16341
31403
12583
19730
10290
16710
31450
25803
2783
10173
8948
45627
4637
38788
2542
45631
6579
41139
19025
45106
6220
36737
24239
26906
47825
28311
7149
2170
2719
16382
34703
6748
3547
90
19050
36926
1673
26524
40297
13832
27502
21777
4602
8322
48074
26159
32988
18881
31168
47395
16111
20619
13883
9235
43047
15673
38969
28359
38909
9126
8936
4816
29824
10789
30047
17869
27736
45941
30358
6287
17112
42190
28522
30415
5860
3344
23022
40162
22820
24339
1347
32676
12934
18646
34500
47619
1865
4111
12415
22601
35910
46613
46136
45784
22398
39665
47513
31826
35029
8772
8364
46918
5372
11432
42596
10547
46512
28860
44314
34281
46603
46525
28571
12402
31044
21946
10625
25928
23093
2108
16530
13618
45886
45306
30440
25674
23825
44346
6128
1493
18531
47932
31592
27969
12434
20339
41520
32230
20722
48963
44801
32765
36614
10002
7456
26955
12096
32556
4612
19011
39691
42629
11964
38920
15532
29029
37184
39397
9638
27871
38061
20054
23114
34125
47610
36194
1833
43134
5479
46961
47805
39348
45459
44820
26455
29737
35545
35870
23368
39525
42064
2954
34460
15625
3350
10606
8837
37945
16843
42159
25149
6703
34778
31763
3837
2276
40495
29555
10982
646
20865
17778
27874
35120
16814
5764
4203
5391
37620
24428
27025
2959
30606
45932
9168
40868
38545
17276
5638
2948
38749
28540
25130
46661
10604
14653
48764
5880
14111
1509
25526
17514
447
6821
45564
33135
4466
26762
5386
20090
30372
5538
26893
15655
18248
30464
2478
14716
29662
34799
27890
10318
46962
38199
39731
25671
4635
35279
26553
14890
18994
17483
38185
48387
13373
39214
11378
12859
39181
5705
3269
28849
10772
7981
47343
13334
19600
40573
16861
39239
30274
46552
38913
16726
12548
23207
45637
4276
41689
6863
42631
38503
17336
20860
4256
11287
10198
12500
29109
19522
5827
26231
2863
21832
32010
34367
18520
47147
10913
41024
13613
12365
29582
32862
22630
29215
13793
5193
18388
15698
14084
29725
11197
35173
13472
32905
19642
13998
3525
12961
6055
11471
19978
14542
3792
44465
39343
9519
15514
45473
11948
33898
19975
20250
15281
28815
19070
48271
31360
10427
215
40271
44317
2860
27926
15694
39705
12771
12008
9572
22648
37918
11656
483
29575
35144
679
17832
42259
39967
14746
36431
20001
41050
47579
30764
40277
36595
33036
47480
48850
28708
9076
29988
31325
4227
48927
42178
16596
37600
6435
28614
8508
4394
42754
4728
13407
6829
7518
32166
7351
45896
9771
41797
3337
46953
36915
17373
18346
18174
499
20962
35552
31620
4013
27655
25760
8798
18162
49685
21230
12053
33060
37434
24875
18680
33672
33124
49242
742
44913
16045
49668
901
25855
46933
20877
31724
5328
7119
13415
9507
24199
17433
2726
30026
35710
23294
24109
28639
17296
10842
23975
20757
37837
28926
46717
28357
17182
39749
4527
47343
43250
26748
6599
47192
2927
318
25034
34957
17068
26550
2539
30100
42001
32280
40287
18425
38801
27683
16339
15825
38939
5962
10171
33883
34133
11495
10622
7258
47179
23027
37487
48701
45364
35488
49292
38976
19234
20311
32958
41102
45762
9397
34406
43775
44469
6947
44028
28715
3233
49727
23162
10191
31393
11828
31926
29637
14324
18930
26632
29696
71
23354
44446
15282
29795
10398
25845
24399
25969
16755
33278
1228
35494
26316
21680
39844
23813
40425
44876
7453
13999
48197
5845
29668
28836
44622
30093
37816
45929
1560
10566
46247
27939
40059
28337
5156
24003
30171
44742
10483
35980
30479
21740
2978
10170
9116
17307
38340
17997
2095
11101
13103
46647
49859
21966
7295
27177
34071
44232
47189
215
37890
4954
18349
38810
30989
46126
39823
45782
40775
13288
22124
32375
29493
16599
42199
45478
13472
29250
32050
14382
20831
9152
41121
45981
12747
23117
4271
30545
18364
7963
12669
48455
42408
45929
3025
38493
29620
37060
9837
21818
7753
32732
11089
32456
29264
44104
11174
13068
17190
6208
1550
27021
45086
29114
44262
6882
41531
41041
45507
658
15752
48888
736
44466
12336
23282
3947
34246
9067
11506
10541
23627
159
39734
23137
41478
2489
35249
31299
4639
38827
6757
5440
17392
45206
34760
37133
44647
1065
38943
7743
6876
13390
16386
29269
16890
37233
33036
46206
43215
36273
35004
22468
39235
10227
31532
49384
41730
4997
9468
46904
24086
30540
36056
42599
46039
29541
44376
36622
8103
29027
44738
11871
607
25391
41282
22941
17128
11354
49279
9961
43659
14580
134
49088
12844
13223
36360
27739
3411
16519
9644
39846
29935
31864
6906
41159
42986
12168
27067
42407
3438
5927
39596
7412
14904
14764
21834
48300
46700
44075
8361
17564
19282
14545
17999
10724
41602
39223
25343
32667
19542
29477
436
29404
30920
33634
2255
25698
33947
24081
46114
29401
26749
38235
6178
49478
46904
18193
5266
42443
46370
33013
2653
16955
49962
15709
17261
18074
13059
10747
9230
44820
32118
3447
38162
33265
16589
2674
18997
33761
18545
1418
29042
27102
19947
40641
45003
19380
3609
39408
9743
24685
11650
12848
24190
21496
13506
35373
3522
36081
11808
32855
26074
49332
28361
18887
41856
36874
45490
31276
38973
22624
48846
11614
31469
36379
40302
41537
1323
42001
46233
8162
14444
7775
7235
47541
24922
27903
5195
12482
18129
17392
18934
18932
17704
42218
26031
17222
15176
45491
11586
43718
20209
22032
47614
12300
45018
1893
26614
3578
28955
22798
49058
23737
36069
25859
31498
38891
32321
30073
39780
9398
31842
13282
44975
17767
46784
2298
4009
26553
41895
48613
16399
39565
21144
22268
10529
27108
44268
47707
9904
19327
38297
44600
42725
26158
48461
33145
30858
21072
12286
31682
12655
17993
2876
45878
33655
30285
18659
31042
4650
4927
15337
3693
10442
31393
47797
8427
3621
35807
32063
34424
24915
35206
11510
12895
49319
33454
16907
14403
21201
19052
37072
14129
9380
9574
6904
33800
31573
25387
46097
32991
4964
41394
44527
38090
35956
38603
16870
47356
12756
28084
26015
41074
33315
25605
10860
21851
42135
37094
44801
36879
29604
34486
13437
17941
6303
33658
10905
39010
42224
39045
34534
44544
9299
49076
27407
26739
29824
3515
41650
49198
7931
43810
41069
11543
15391
40474
24467
10769
9293
43692
48411
41466
44579
24650
12910
15665
18369
6213
21453
43551
20639
23160
13176
24731
37285
10030
29338
36507
8785
48404
40975
46974
11207
38912
44680
25728
8362
41797
28898
10557
30907
38649
35158
40667
44209
33531
39022
23367
3886
12486
7413
5527
33210
19014
22559
21956
5802
17377
32123
4568
3492
19660
1212
2205
1777
31981
14160
39831
17635
3211
2869
9699
11115
44727
29081
16237
7228
47627
4591
1094
38669
28843
42518
1263
15243
28387
24665
24295
14374
39043
18145
10974
19101
3402
17060
31562
13967
19852
42871
3059
523
8548
44115
47195
26761
27278
38791
17424
406
7080
11707
5472
43445
39165
46105
1510
27482
24128
11751
21823
45672
24063
1742
42848
12582
42333
34923
46287
22147
16304
33287
16261
12284
47352
571
10090
49084
16002
5762
8930
40536
25244
16044
28840
40580
16584
43271
44811
4571
49945
10365
20099
10459
13617
39061
29161
38194
38899
8014
37860
38757
36863
7411
39618
3604
22538
17847
7485
47920
36677
49193
42769
35197
29614
43684
10889
48159
38516
14253
27796
32847
5928
14225
39789
19958
9251
13695
43047
22439
36554
5368
36060
3832
